Disturbance source set to cosine
Reset filter coefficients (h) to zero
Step size mu decreased to 8.333334e-04
Using 431 taps for LMS filter (unused taps set to zero)
Step size mu decreased to 6.944445e-04
Step size mu increased to 8.333334e-04
Step size mu increased to 1.000000e-03
Using 432 taps for LMS filter (unused taps set to zero)
Using 431 taps for LMS filter (unused taps set to zero)
Using 430 taps for LMS filter (unused taps set to zero)
Filtering enabled, h updated, error signal output to speaker
Step size mu set to 1.000000e-03
Reset filter coefficients (h) to zero
Filtering disabled, mic signal output to speaker
Filter coefficients in reversed order (use e.g. 'flipud(h)' in Matlab to restore actual order)
h_reversedOrder = [.000677661;
        .000429268;
        .000168133;
        -9.80072e-5;
        -.000361246;
        -.000613732;
        -.000847909;
        -.00105682;
        -.00123427;
        -.00137498;
        -.00147471;
        -.00153061;
        -.00154079;
        -.00150517;
        -.00142472;
        -.00130179;
        -.00114013;
        -.000944448;
        -.000720661;
        -.000475433;
        -.000216072;
        4.97486e-5;
        .000314142;
        .000569171;
        .000807247;
        .00102124;
        .00120487;
        .00135266;
        .00146017;
        .00152412;
        .00154265;
        .00151529;
        .00144292;
        .00132744;
        .00117246;
        .00098258;
        .000763398;
        .000521519;
        .000264106;
        -1.17993e-6;
        -.000266404;
        -.000523667;
        -.000765302;
        -.000984207;
        -.0011738;
        -.00132837;
        -.0014434;
        -.00151546;
        -.0015424;
        -.00152338;
        -.00145907;
        -.0013512;
        -.00120304;
        -.00101914;
        -.000804862;
        -.000566597;
        -.000311459;
        -4.70223e-5;
        .000218771;
        .000478021;
        .000723098;
        .000946588;
        .00114194;
        .00130323;
        .00142562;
        .00150569;
        .00154084;
        .00153009;
        .00147373;
        .00137352;
        .0012324;
        .00105462;
        .000845443;
        .000611009;
        .000358378;
        9.50783e-5;
        -.000171031;
        -.000432048;
        -.000680218;
        -.000908135;
        -.00110908;
        -.00127694;
        -.00140677;
        -.00149474;
        -.00153819;
        -.00153583;
        -.00148773;
        -.00139534;
        -.00126139;
        -.00108988;
        -.000885891;
        -.000655534;
        -.000405626;
        -.000143675;
        .000122524;
        .00038506;
        .00063614;
        .000868284;
        .00107459;
        .00124886;
        .00138589;
        .00148162;
        .00153331;
        .00153934;
        .00149949;
        .00141497;
        .00128827;
        .00112331;
        .000924864;
        .000698877;
        .000452039;
        .000191734;
        -7.42633e-5;
        -.000338042;
        -.000591772;
        -.000827885;
        -.00103939;
        -.00121988;
        -.00136405;
        -.00146759;
        -.0015275;
        -.00154187;
        -.00151034;
        -.00143378;
        -.00131452;
        -.00115613;
        -.000963359;
        -.000741871;
        -.000498262;
        -.00023977;
        2.5811e-5;
        .000290579;
        .000546684;
        .00078658;
        .00100305;
        .00118957;
        .00134071;
        .00145189;
        .00151981;
        .00154255;
        .00151928;
        .00145069;
        .00133901;
        .00118745;
        .0010006;
        .000783795;
        .000543689;
        .000287391;
        2.25518e-5;
        -.000242959;
        -.000501259;
        -.000744693;
        -.000965898;
        -.00115832;
        -.00131633;
        -.00143511;
        -.00151119;
        -.00154224;
        -.00152734;
        -.00146695;
        -.00136283;
        -.0012182;
        -.0010373;
        -.00082543;
        -.000589063;
        -.000335135;
        -7.12536e-5;
        .000194766;
        .000454994;
        .000701669;
        .000927402;
        .00112555;
        .00129017;
        .00141638;
        .00150041;
        .00153964;
        .00153315;
        .00148096;
        .00138469;
        .00124714;
        .00107241;
        .000865771;
        .000633366;
        .000382085;
        .000119431;
        -.00014679;
        -.000408659;
        -.000658329;
        -.000888406;
        -.00109202;
        -.00126311;
        -.00139663;
        -.00148849;
        -.00153609;
        -.00153783;
        -.00149381;
        -.00140534;
        -.00127505;
        -.00110678;
        -.000905523;
        -.000677295;
        -.000428887;
        -.000167705;
        9.84877e-5;
        .000361766;
        .000614261;
        .000848435;
        .00105738;
        .00123482;
        .00137553;
        .00147526;
        .00153102;
        .00154125;
        .00150553;
        .00142505;
        .00130214;
        .00114042;
        .000944737;
        .000720907;
        .00047567;
        .000216264;
        -4.95949e-5;
        -.000314019;
        -.000569074;
        -.000807081;
        -.0010211;
        -.00120471;
        -.00135243;
        -.00145987;
        -.00152381;
        -.00154238;
        -.00151503;
        -.00144256;
        -.00132712;
        -.00117216;
        -.000982275;
        -.000763092;
        -.000521215;
        -.000263815;
        1.44457e-6;
        .000266667;
        .000523958;
        .000765614;
        .000984458;
        .00117401;
        .00132862;
        .00144367;
        .00151569;
        .00154254;
        .00152348;
        .00145908;
        .0013512;
        .00120309;
        .00101921;
        .000804929;
        .000566653;
        .000311515;
        4.71285e-5;
        -.000218635;
        -.000477856;
        -.000722885;
        -.00094637;
        -.00114168;
        -.00130295;
        -.00142546;
        -.00150547;
        -.0015406;
        -.00152989;
        -.00147363;
        -.00137344;
        -.00123239;
        -.0010546;
        -.000845463;
        -.000611095;
        -.000358504;
        -9.52229e-5;
        .000170868;
        .000431878;
        .000679998;
        .000907916;
        .00110879;
        .0012766;
        .0014064;
        .00149432;
        .00153777;
        .00153537;
        .00148731;
        .00139488;
        .00126092;
        .00108943;
        .00088554;
        .000655227;
        .000405372;
        .000143482;
        -.000122657;
        -.000385138;
        -.000636168;
        -.000868262;
        -.00107449;
        -.00124871;
        -.00138577;
        -.00148147;
        -.00153313;
        -.00153909;
        -.00149916;
        -.00141468;
        -.00128801;
        -.00112302;
        -.000924503;
        -.000698489;
        -.000451662;
        -.00019142;
        7.45491e-5;
        .000338294;
        .00059197;
        .000828016;
        .00103938;
        .00121987;
        .00136394;
        .00146743;
        .00152718;
        .0015415;
        .00150994;
        .00143337;
        .00131416;
        .00115576;
        .000962944;
        .000741473;
        .000497891;
        .000239489;
        -2.60451e-5;
        -.000290792;
        -.000546914;
        -.000786686;
        -.0010031;
        -.00118961;
        -.00134075;
        -.0014519;
        -.00151991;
        -.0015426;
        -.0015193;
        -.00145075;
        -.00133907;
        -.00118749;
        -.00100054;
        -.000783807;
        -.000543706;
        -.000287396;
        -2.25709e-5;
        .000242928;
        .000501196;
        .000744563;
        .000965704;
        .00115813;
        .00131597;
        .0014347;
        .0015107;
        .00154169;
        .00152677;
        .00146644;
        .00136239;
        .00121774;
        .00103687;
        .000825034;
        .000588646;
        .000334762;
        7.09129e-5;
        -.000195074;
        -.000455267;
        -.000701876;
        -.000927566;
        -.00112567;
        -.00129029;
        -.00141646;
        -.00150046;
        -.00153969;
        -.00153313;
        -.0014809;
        -.00138458;
        -.00124703;
        -.00107232;
        -.000865738;
        -.000633365;
        -.000382135;
        -.000119521;
        .000146658;
        .000408475;
        .000658134;
        .00088821;
        .00109181;
        .00126289;
        .00139632;
        .00148825;
        .0015359;
        .00153777;
        .00149385;
        .00140538;
        .00127507;
        .00110688;
        .000905688;
        .000677468;
        .000429037;
        .000167858;
        -9.82789e-5;
        -.000361505;
        -.000614019;
        -.000848241;
        -.00105719;
        -.00123469;
        -.00137538;
        -.00147513;
        -.00153099;
        -.00154124;
        -.00150561;
        -.00142511;
        -.0013022;
        -.00114056;
        -.000944951;
        -.00072121;
        -.000476005;
        -.000216634;
        4.91881e-5;
        .000313539;
        .000568546;
        .000806616;
        .00102061;
        .00120425;
        .00135206;
        .0014596;
        .00152362];
